E              f2 
   keV           e atom-1
1.069000E-02  2.9953E+00
1.142761E-02  3.6048E+00
1.221612E-02  4.4060E+00
1.305903E-02  5.4098E+00
1.396010E-02  6.6185E+00
1.492335E-02  8.0179E+00
1.595306E-02  9.5717E+00
1.705382E-02  1.1217E+01
1.823053E-02  1.2867E+01
1.948844E-02  1.4413E+01
2.083314E-02  1.5740E+01
2.227063E-02  1.6739E+01
2.380730E-02  1.7327E+01
2.545001E-02  1.7457E+01
2.720606E-02  1.7130E+01
2.908327E-02  1.6382E+01
3.109002E-02  1.5290E+01
3.323523E-02  1.3958E+01
3.552846E-02  1.2491E+01
3.797993E-02  1.0985E+01
4.060054E-02  9.5236E+00
4.340198E-02  8.1647E+00
4.639671E-02  6.9419E+00
4.959809E-02  5.8697E+00
5.262600E-02  5.0440E+00
5.302035E-02  4.9482E+00
5.343150E-02  4.8509E+00
5.364630E-02  4.8011E+00
5.396850E-02  8.6930E+00
5.477400E-02  8.3716E+00
5.667876E-02  7.6750E+00
6.058959E-02  6.4803E+00
6.477028E-02  5.4680E+00
6.923942E-02  4.6215E+00
7.026600E-02  4.4554E+00
7.134150E-02  4.2912E+00
7.162830E-02  4.2490E+00
7.205850E-02  6.0093E+00
7.313400E-02  5.8445E+00
7.401695E-02  5.7157E+00
7.912411E-02  5.0728E+00
8.114400E-02  4.8498E+00
8.238600E-02  4.7156E+00
8.271720E-02  4.6802E+00
8.321400E-02  5.2303E+00
8.445600E-02  5.0814E+00
8.458368E-02  5.0663E+00
8.467200E-02  5.0559E+00
8.596800E-02  4.9054E+00
8.631360E-02  4.8660E+00
8.683200E-02  5.2064E+00
8.812800E-02  5.0542E+00
9.041995E-02  4.7971E+00
9.665893E-02  4.2015E+00
1.033284E-01  3.7598E+00
1.056440E-01  3.6471E+00
1.072610E-01  3.5794E+00
1.076922E-01  3.5628E+00
1.083390E-01  3.6344E+00
1.099560E-01  3.5821E+00
1.104581E-01  3.5674E+00
1.180797E-01  3.4351E+00
1.262272E-01  3.4634E+00
1.349368E-01  3.6848E+00
1.442475E-01  4.1139E+00
1.542005E-01  4.7809E+00
1.648404E-01  5.7275E+00
1.762144E-01  6.9748E+00
1.883732E-01  8.5341E+00
2.013709E-01  1.0395E+01
2.152655E-01  1.2519E+01
2.301188E-01  1.4836E+01
2.459970E-01  1.7247E+01
2.629708E-01  1.9637E+01
2.811158E-01  2.1884E+01
3.005128E-01  2.3873E+01
3.212482E-01  2.5508E+01
3.272220E-01  2.5888E+01
3.322305E-01  2.6177E+01
3.335661E-01  2.6249E+01
3.355695E-01  2.6917E+01
3.405780E-01  2.7197E+01
3.434143E-01  2.7345E+01
3.449600E-01  2.7421E+01
3.502400E-01  2.7665E+01
3.516480E-01  2.7726E+01
3.537600E-01  2.8234E+01
3.590400E-01  2.8458E+01
3.671099E-01  2.8755E+01
3.924405E-01  2.9359E+01
4.195189E-01  2.9557E+01
4.484657E-01  2.9402E+01
4.794098E-01  2.8958E+01
5.0000000E-01  2.8559E+01
5.0250000E-01  2.8506E+01
5.0501250E-01  2.8452E+01
5.0753756E-01  2.8398E+01
5.1007525E-01  2.8342E+01
5.1262563E-01  2.8286E+01
5.1518875E-01  2.8228E+01
5.1776470E-01  2.8170E+01
5.2035352E-01  2.8111E+01
5.2295529E-01  2.8051E+01
5.2557007E-01  2.7990E+01
5.2819792E-01  2.7928E+01
5.3083891E-01  2.7866E+01
5.3349310E-01  2.7802E+01
5.3616057E-01  2.7738E+01
5.3884137E-01  2.7673E+01
5.4153558E-01  2.7608E+01
5.4424325E-01  2.7542E+01
5.4469646E-01  2.7531E+01
5.4610359E-01  2.9209E+01
5.4696447E-01  2.9188E+01
5.4969929E-01  2.9123E+01
5.5244779E-01  2.9058E+01
5.5521003E-01  2.8991E+01
5.5798608E-01  2.8924E+01
5.6077601E-01  2.8856E+01
5.6357989E-01  2.8788E+01
5.6639779E-01  2.8720E+01
5.6922978E-01  2.8650E+01
5.7207593E-01  2.8581E+01
5.7493630E-01  2.8510E+01
5.7781099E-01  2.8439E+01
5.8070004E-01  2.8368E+01
5.8360354E-01  2.8296E+01
5.8652156E-01  2.8224E+01
5.8945417E-01  2.8152E+01
5.9240144E-01  2.8079E+01
5.9536345E-01  2.8005E+01
5.9834026E-01  2.7931E+01
6.0133196E-01  2.7857E+01
6.0433862E-01  2.7783E+01
6.0736032E-01  2.7708E+01
6.1039712E-01  2.7632E+01
6.1344910E-01  2.7557E+01
6.1651635E-01  2.7481E+01
6.1959893E-01  2.7404E+01
6.2269693E-01  2.7328E+01
6.2581041E-01  2.7251E+01
6.2893946E-01  2.7174E+01
6.3208416E-01  2.7096E+01
6.3524458E-01  2.7018E+01
6.3842080E-01  2.6940E+01
6.4161291E-01  2.6862E+01
6.4278595E-01  2.6833E+01
6.4461406E-01  2.7171E+01
6.4482097E-01  2.7166E+01
6.4804508E-01  2.7089E+01
6.5128530E-01  2.7012E+01
6.5454173E-01  2.6934E+01
6.5781444E-01  2.6857E+01
6.6110351E-01  2.6779E+01
6.6440903E-01  2.6701E+01
6.6773107E-01  2.6623E+01
6.7106973E-01  2.6545E+01
6.7442508E-01  2.6466E+01
6.7779720E-01  2.6388E+01
6.8118619E-01  2.6309E+01
6.8459212E-01  2.6230E+01
6.8801508E-01  2.6151E+01
6.9145515E-01  2.6072E+01
6.9491243E-01  2.5993E+01
6.9838699E-01  2.5914E+01
7.0187893E-01  2.5834E+01
7.0538832E-01  2.5755E+01
7.0891526E-01  2.5675E+01
7.1245984E-01  2.5596E+01
7.1602214E-01  2.5516E+01
7.1960225E-01  2.5436E+01
7.2320026E-01  2.5356E+01
7.2681626E-01  2.5276E+01
7.3045034E-01  2.5197E+01
7.3410260E-01  2.5117E+01
7.3777311E-01  2.5036E+01
7.4146197E-01  2.4956E+01
7.4516928E-01  2.4876E+01
7.4889513E-01  2.4796E+01
7.5263961E-01  2.4716E+01
7.5640280E-01  2.4636E+01
7.5759354E-01  2.4611E+01
7.6000652E-01  2.5095E+01
7.6018482E-01  2.5092E+01
7.6398574E-01  2.5012E+01
7.6780567E-01  2.4933E+01
7.7164470E-01  2.4854E+01
7.7550292E-01  2.4775E+01
7.7938044E-01  2.4695E+01
7.8327734E-01  2.4616E+01
7.8719373E-01  2.4537E+01
7.9112969E-01  2.4458E+01
7.9508534E-01  2.4379E+01
7.9906077E-01  2.4300E+01
8.0305607E-01  2.4221E+01
8.0707135E-01  2.4141E+01
8.1110671E-01  2.4063E+01
8.1516224E-01  2.3984E+01
8.1923806E-01  2.3905E+01
8.2333425E-01  2.3826E+01
8.2745092E-01  2.3747E+01
8.3158817E-01  2.3668E+01
8.3574611E-01  2.3590E+01
8.3992484E-01  2.3511E+01
8.4412447E-01  2.3433E+01
8.4834509E-01  2.3354E+01
8.5258682E-01  2.3276E+01
8.5684975E-01  2.3197E+01
8.6113400E-01  2.3119E+01
8.6543967E-01  2.3041E+01
8.6976687E-01  2.2963E+01
8.7411570E-01  2.2884E+01
8.7848628E-01  2.2806E+01
8.8287871E-01  2.2728E+01
8.8729310E-01  2.2651E+01
8.9172957E-01  2.2573E+01
8.9618822E-01  2.2495E+01
9.0066916E-01  2.2417E+01
9.0517250E-01  2.2340E+01
9.0969837E-01  2.2262E+01
9.1424686E-01  2.2185E+01
9.1881809E-01  2.2108E+01
9.2341218E-01  2.2031E+01
9.2802924E-01  2.1953E+01
9.3266939E-01  2.1875E+01
9.3733274E-01  2.1797E+01
9.4201940E-01  2.1720E+01
9.4672950E-01  2.1643E+01
9.5146315E-01  2.1565E+01
9.5622046E-01  2.1488E+01
9.6100156E-01  2.1411E+01
9.6580657E-01  2.1334E+01
9.7063560E-01  2.1257E+01
9.7548878E-01  2.1181E+01
9.8036623E-01  2.1104E+01
9.8526806E-01  2.1028E+01
9.9019440E-01  2.0952E+01
9.9514537E-01  2.0876E+01
1.0001211E+00  2.0799E+01
1.0051217E+00  2.0696E+01
1.0101473E+00  2.0593E+01
1.0151980E+00  2.0490E+01
1.0202740E+00  2.0388E+01
1.0253754E+00  2.0286E+01
1.0305023E+00  2.0185E+01
1.0356548E+00  2.0084E+01
1.0408331E+00  1.9984E+01
1.0460372E+00  1.9884E+01
1.0512674E+00  1.9785E+01
1.0565238E+00  1.9686E+01
1.0618064E+00  1.9587E+01
1.0671154E+00  1.9490E+01
1.0724510E+00  1.9392E+01
1.0778132E+00  1.9296E+01
1.0832023E+00  1.9199E+01
1.0886183E+00  1.9103E+01
1.0940614E+00  1.9007E+01
1.0995317E+00  1.8911E+01
1.1050294E+00  1.8816E+01
1.1105545E+00  1.8721E+01
1.1161073E+00  1.8627E+01
1.1216878E+00  1.8533E+01
1.1272963E+00  1.8440E+01
1.1329328E+00  1.8347E+01
1.1385974E+00  1.8255E+01
1.1442904E+00  1.8163E+01
1.1500119E+00  1.8071E+01
1.1557619E+00  1.7981E+01
1.1615407E+00  1.7890E+01
1.1673484E+00  1.7800E+01
1.1731852E+00  1.7711E+01
1.1790511E+00  1.7622E+01
1.1849464E+00  1.7533E+01
1.1908711E+00  1.7446E+01
1.1968254E+00  1.7358E+01
1.2028096E+00  1.7271E+01
1.2088236E+00  1.7185E+01
1.2148677E+00  1.7099E+01
1.2209421E+00  1.7013E+01
1.2270468E+00  1.6928E+01
1.2331820E+00  1.6844E+01
1.2393479E+00  1.6759E+01
1.2455447E+00  1.6676E+01
1.2517724E+00  1.6593E+01
1.2580312E+00  1.6510E+01
1.2643214E+00  1.6428E+01
1.2706430E+00  1.6347E+01
1.2769962E+00  1.6265E+01
1.2833812E+00  1.6185E+01
1.2897981E+00  1.6104E+01
1.2962471E+00  1.6024E+01
1.3027283E+00  1.5944E+01
1.3092420E+00  1.5865E+01
1.3157882E+00  1.5786E+01
1.3223671E+00  1.5707E+01
1.3289790E+00  1.5629E+01
1.3356239E+00  1.5552E+01
1.3423020E+00  1.5466E+01
1.3490135E+00  1.5381E+01
1.3557586E+00  1.5296E+01
1.3625374E+00  1.5212E+01
1.3693500E+00  1.5128E+01
1.3761968E+00  1.5045E+01
1.3830778E+00  1.4963E+01
1.3899932E+00  1.4881E+01
1.3969431E+00  1.4799E+01
1.4039278E+00  1.4719E+01
1.4109475E+00  1.4636E+01
1.4180022E+00  1.4551E+01
1.4250922E+00  1.4466E+01
1.4322177E+00  1.4382E+01
1.4393788E+00  1.4298E+01
1.4465757E+00  1.4215E+01
1.4538086E+00  1.4133E+01
1.4610776E+00  1.4051E+01
1.4683830E+00  1.3970E+01
1.4757249E+00  1.3889E+01
1.4831035E+00  1.3809E+01
1.4905190E+00  1.3730E+01
1.4979716E+00  1.3651E+01
1.5054615E+00  1.3573E+01
1.5129888E+00  1.3495E+01
1.5205537E+00  1.3418E+01
1.5281565E+00  1.3341E+01
1.5357973E+00  1.3265E+01
1.5434763E+00  1.3189E+01
1.5511937E+00  1.3114E+01
1.5589496E+00  1.3037E+01
1.5667444E+00  1.2957E+01
1.5745781E+00  1.2878E+01
1.5824510E+00  1.2800E+01
1.5903633E+00  1.2722E+01
1.5983151E+00  1.2645E+01
1.6063066E+00  1.2569E+01
1.6143382E+00  1.2493E+01
1.6224099E+00  1.2418E+01
1.6305219E+00  1.2340E+01
1.6386745E+00  1.2262E+01
1.6468679E+00  1.2184E+01
1.6551022E+00  1.2108E+01
1.6633777E+00  1.2032E+01
1.6716946E+00  1.1957E+01
1.6800531E+00  1.1882E+01
1.6884534E+00  1.1808E+01
1.6968956E+00  1.1735E+01
1.7053801E+00  1.1662E+01
1.7139070E+00  1.1590E+01
1.7224766E+00  1.1518E+01
1.7310889E+00  1.1447E+01
1.7397444E+00  1.1377E+01
1.7484431E+00  1.1307E+01
1.7571853E+00  1.1238E+01
1.7659712E+00  1.1170E+01
1.7748011E+00  1.1102E+01
1.7836751E+00  1.1035E+01
1.7925935E+00  1.0968E+01
1.8015565E+00  1.0902E+01
1.8105642E+00  1.0836E+01
1.8196171E+00  1.0771E+01
1.8287151E+00  1.0706E+01
1.8378587E+00  1.0642E+01
1.8470480E+00  1.0579E+01
1.8562833E+00  1.0516E+01
1.8655647E+00  1.0453E+01
1.8748925E+00  1.0391E+01
1.8842670E+00  1.0330E+01
1.8936883E+00  1.0269E+01
1.9031567E+00  1.0209E+01
1.9126725E+00  1.0149E+01
1.9222359E+00  1.0089E+01
1.9318471E+00  1.0030E+01
1.9415063E+00  9.9719E+00
1.9512138E+00  9.9140E+00
1.9609699E+00  9.8565E+00
1.9707747E+00  9.7994E+00
1.9806286E+00  9.7429E+00
1.9905318E+00  9.6868E+00
2.0004844E+00  9.6311E+00
2.0104868E+00  9.5759E+00
2.0205393E+00  9.5212E+00
2.0306420E+00  9.4668E+00
2.0407952E+00  9.4129E+00
2.0509992E+00  9.3594E+00
2.0612542E+00  9.3063E+00
2.0715604E+00  9.2537E+00
2.0819182E+00  9.2015E+00
2.0923278E+00  9.1496E+00
2.1027895E+00  9.0983E+00
2.1133034E+00  9.0473E+00
2.1238699E+00  8.9967E+00
2.1344893E+00  8.9465E+00
2.1451617E+00  8.8967E+00
2.1558875E+00  8.8473E+00
2.1666670E+00  8.7983E+00
2.1775003E+00  8.7497E+00
2.1883878E+00  8.7003E+00
2.1993297E+00  8.6506E+00
2.2051132E+00  8.6246E+00
2.2062866E+00  2.5848E+01
2.2103264E+00  2.5780E+01
2.2213780E+00  2.5595E+01
2.2324849E+00  2.5411E+01
2.2436473E+00  2.5228E+01
2.2548656E+00  2.5047E+01
2.2661399E+00  2.4867E+01
2.2774706E+00  2.4689E+01
2.2888579E+00  2.4512E+01
2.2904585E+00  2.4487E+01
2.2917415E+00  3.5886E+01
2.3003022E+00  3.5689E+01
2.3118037E+00  3.5427E+01
2.3233628E+00  3.5168E+01
2.3349796E+00  3.4910E+01
2.3466545E+00  3.4654E+01
2.3583878E+00  3.4400E+01
2.3701797E+00  3.4148E+01
2.3820306E+00  3.3898E+01
2.3939407E+00  3.3650E+01
2.4059104E+00  3.3405E+01
2.4179400E+00  3.3160E+01
2.4300297E+00  3.2918E+01
2.4421798E+00  3.2678E+01
2.4543907E+00  3.2440E+01
2.4666627E+00  3.2203E+01
2.4789960E+00  3.1968E+01
2.4913910E+00  3.1736E+01
2.5038479E+00  3.1504E+01
2.5163672E+00  3.1275E+01
2.5289490E+00  3.1048E+01
2.5415938E+00  3.0822E+01
2.5543017E+00  3.0598E+01
2.5670732E+00  3.0376E+01
2.5799086E+00  3.0155E+01
2.5928082E+00  2.9935E+01
2.6057722E+00  2.9717E+01
2.6188011E+00  2.9501E+01
2.6318951E+00  2.9286E+01
2.6450545E+00  2.9073E+01
2.6582798E+00  2.8862E+01
2.6715712E+00  2.8652E+01
2.6849291E+00  2.8444E+01
2.6983537E+00  2.8238E+01
2.7118455E+00  2.8033E+01
2.7254047E+00  2.7830E+01
2.7390317E+00  2.7628E+01
2.7404353E+00  2.7607E+01
2.7455647E+00  3.2004E+01
2.7527269E+00  3.1894E+01
2.7664905E+00  3.1684E+01
2.7803230E+00  3.1476E+01
2.7942246E+00  3.1270E+01
2.8081957E+00  3.1064E+01
2.8222367E+00  3.0861E+01
2.8363479E+00  3.0659E+01
2.8505296E+00  3.0458E+01
2.8647823E+00  3.0259E+01
2.8791062E+00  3.0055E+01
2.8935017E+00  2.9851E+01
2.9079692E+00  2.9649E+01
2.9225091E+00  2.9448E+01
2.9371216E+00  2.9249E+01
2.9518072E+00  2.9051E+01
2.9665662E+00  2.8854E+01
2.9813991E+00  2.8658E+01
2.9963061E+00  2.8460E+01
3.0112876E+00  2.8244E+01
3.0263440E+00  2.8023E+01
3.0414758E+00  2.7805E+01
3.0566831E+00  2.7587E+01
3.0719666E+00  2.7372E+01
3.0873264E+00  2.7158E+01
3.1027630E+00  2.6945E+01
3.1182768E+00  2.6734E+01
3.1338682E+00  2.6525E+01
3.1431727E+00  2.6401E+01
3.1495376E+00  2.8058E+01
3.1524272E+00  2.8018E+01
3.1652853E+00  2.7839E+01
3.1811117E+00  2.7623E+01
3.1970172E+00  2.7408E+01
3.2130023E+00  2.7195E+01
3.2290673E+00  2.6983E+01
3.2452127E+00  2.6773E+01
3.2614387E+00  2.6565E+01
3.2777459E+00  2.6358E+01
3.2941347E+00  2.6153E+01
3.3106053E+00  2.5953E+01
3.3271584E+00  2.5756E+01
3.3437941E+00  2.5562E+01
3.3605131E+00  2.5369E+01
3.3773157E+00  2.5179E+01
3.3942023E+00  2.4990E+01
3.4111733E+00  2.4802E+01
3.4177420E+00  2.4731E+01
3.4282291E+00  2.5703E+01
3.4320581E+00  2.5662E+01
3.4453703E+00  2.5518E+01
3.4625971E+00  2.5335E+01
3.4799101E+00  2.5153E+01
3.4973097E+00  2.4973E+01
3.5147962E+00  2.4795E+01
3.5323702E+00  2.4618E+01
3.5500321E+00  2.4443E+01
3.5677822E+00  2.4269E+01
3.5856211E+00  2.4094E+01
3.6035492E+00  2.3920E+01
3.6215670E+00  2.3748E+01
3.6396748E+00  2.3577E+01
3.6578732E+00  2.3407E+01
3.6761626E+00  2.3239E+01
3.6945434E+00  2.3073E+01
3.7130161E+00  2.2908E+01
3.7315812E+00  2.2744E+01
3.7502391E+00  2.2582E+01
3.7689903E+00  2.2421E+01
3.7878352E+00  2.2262E+01
3.8067744E+00  2.2104E+01
3.8258083E+00  2.1947E+01
3.8449373E+00  2.1792E+01
3.8641620E+00  2.1638E+01
3.8834828E+00  2.1485E+01
3.9029002E+00  2.1333E+01
3.9224147E+00  2.1183E+01
3.9420268E+00  2.1034E+01
3.9617369E+00  2.0886E+01
3.9815456E+00  2.0740E+01
4.0014533E+00  2.0595E+01
4.0214606E+00  2.0451E+01
4.0415679E+00  2.0308E+01
4.0617757E+00  2.0166E+01
4.0820846E+00  2.0025E+01
4.1024950E+00  1.9884E+01
4.1230075E+00  1.9743E+01
4.1436226E+00  1.9603E+01
4.1643407E+00  1.9464E+01
4.1851624E+00  1.9326E+01
4.2060882E+00  1.9190E+01
4.2271186E+00  1.9054E+01
4.2482542E+00  1.8919E+01
4.2694955E+00  1.8786E+01
4.2908430E+00  1.8653E+01
4.3122972E+00  1.8522E+01
4.3338587E+00  1.8391E+01
4.3555280E+00  1.8262E+01
4.3773056E+00  1.8133E+01
4.3991921E+00  1.8006E+01
4.4211881E+00  1.7876E+01
4.4432940E+00  1.7742E+01
4.4655105E+00  1.7610E+01
4.4878381E+00  1.7478E+01
4.5102772E+00  1.7347E+01
4.5328286E+00  1.7218E+01
4.5554928E+00  1.7089E+01
4.5782702E+00  1.6962E+01
4.6011616E+00  1.6831E+01
4.6241674E+00  1.6701E+01
4.6472882E+00  1.6572E+01
4.6705247E+00  1.6444E+01
4.6938773E+00  1.6317E+01
4.7173467E+00  1.6191E+01
4.7409334E+00  1.6067E+01
4.7646381E+00  1.5943E+01
4.7884613E+00  1.5821E+01
4.8124036E+00  1.5700E+01
4.8364656E+00  1.5580E+01
4.8606479E+00  1.5460E+01
4.8849512E+00  1.5342E+01
4.9093759E+00  1.5225E+01
4.9339228E+00  1.5109E+01
4.9585924E+00  1.4994E+01
4.9833854E+00  1.4881E+01
5.0083023E+00  1.4768E+01
5.0333438E+00  1.4656E+01
5.0585105E+00  1.4545E+01
5.0838031E+00  1.4435E+01
5.1092221E+00  1.4326E+01
5.1347682E+00  1.4218E+01
5.1604421E+00  1.4111E+01
5.1862443E+00  1.4005E+01
5.2121755E+00  1.3899E+01
5.2382364E+00  1.3795E+01
5.2644276E+00  1.3692E+01
5.2907497E+00  1.3589E+01
5.3172034E+00  1.3488E+01
5.3437895E+00  1.3387E+01
5.3705084E+00  1.3288E+01
5.3973609E+00  1.3189E+01
5.4243477E+00  1.3091E+01
5.4514695E+00  1.2994E+01
5.4787268E+00  1.2897E+01
5.5061205E+00  1.2799E+01
5.5336511E+00  1.2701E+01
5.5613193E+00  1.2603E+01
5.5891259E+00  1.2507E+01
5.6170716E+00  1.2411E+01
5.6451569E+00  1.2316E+01
5.6733827E+00  1.2222E+01
5.7017496E+00  1.2129E+01
5.7302584E+00  1.2036E+01
5.7589096E+00  1.1945E+01
5.7877042E+00  1.1854E+01
5.8166427E+00  1.1764E+01
5.8457259E+00  1.1675E+01
5.8749546E+00  1.1586E+01
5.9043293E+00  1.1499E+01
5.9338510E+00  1.1412E+01
5.9635202E+00  1.1326E+01
5.9933378E+00  1.1240E+01
6.0233045E+00  1.1156E+01
6.0534210E+00  1.1072E+01
6.0836882E+00  1.0989E+01
6.1141066E+00  1.0907E+01
6.1446771E+00  1.0825E+01
6.1754005E+00  1.0744E+01
6.2062775E+00  1.0664E+01
6.2373089E+00  1.0584E+01
6.2684954E+00  1.0506E+01
6.2998379E+00  1.0427E+01
6.3313371E+00  1.0347E+01
6.3629938E+00  1.0268E+01
6.3948088E+00  1.0190E+01
6.4267828E+00  1.0112E+01
6.4589167E+00  1.0035E+01
6.4912113E+00  9.9592E+00
6.5236674E+00  9.8836E+00
6.5562857E+00  9.8088E+00
6.5890671E+00  9.7346E+00
6.6220125E+00  9.6608E+00
6.6551225E+00  9.5874E+00
6.6883981E+00  9.5146E+00
6.7218401E+00  9.4424E+00
6.7554493E+00  9.3709E+00
6.7892266E+00  9.3000E+00
6.8231727E+00  9.2297E+00
6.8572886E+00  9.1600E+00
6.8915750E+00  9.0904E+00
6.9260329E+00  9.0214E+00
6.9606631E+00  8.9530E+00
6.9954664E+00  8.8852E+00
7.0304437E+00  8.8181E+00
7.0655959E+00  8.7515E+00
7.1009239E+00  8.6855E+00
7.1364285E+00  8.6200E+00
7.1721107E+00  8.5551E+00
7.2079712E+00  8.4908E+00
7.2440111E+00  8.4271E+00
7.2802311E+00  8.3639E+00
7.3166323E+00  8.3012E+00
7.3532155E+00  8.2391E+00
7.3899815E+00  8.1776E+00
7.4269314E+00  8.1165E+00
7.4640661E+00  8.0560E+00
7.5013864E+00  7.9961E+00
7.5388934E+00  7.9366E+00
7.5765878E+00  7.8776E+00
7.6144708E+00  7.8192E+00
7.6525431E+00  7.7613E+00
7.6908058E+00  7.7038E+00
7.7292599E+00  7.6469E+00
7.7679062E+00  7.5904E+00
7.8067457E+00  7.5344E+00
7.8457794E+00  7.4789E+00
7.8850083E+00  7.4239E+00
7.9244334E+00  7.3693E+00
7.9640555E+00  7.3152E+00
8.0038758E+00  7.2616E+00
8.0438952E+00  7.2084E+00
8.0841147E+00  7.1557E+00
8.1245352E+00  7.1035E+00
8.1651579E+00  7.0516E+00
8.2059837E+00  7.0002E+00
8.2470136E+00  6.9493E+00
8.2882487E+00  6.8988E+00
8.3296899E+00  6.8487E+00
8.3713384E+00  6.7990E+00
8.4131951E+00  6.7498E+00
8.4552610E+00  6.7009E+00
8.4975373E+00  6.6525E+00
8.5400250E+00  6.6045E+00
9.030794E+00  6.0726E+00
9.653919E+00  5.4359E+00
1.032004E+01  4.8556E+00
1.103212E+01  4.3394E+00
1.168033E+01  3.9480E+00
1.179334E+01  3.8861E+00
1.185911E+01  3.8509E+00
1.190678E+01  3.8253E+00
1.197829E+01  1.0042E+01
1.215707E+01  9.7808E+00
1.260708E+01  9.1691E+00
1.345893E+01  8.1755E+00
1.347697E+01  8.1564E+00
1.366493E+01  7.9615E+00
1.371987E+01  7.9054E+00
1.380227E+01  1.0981E+01
1.400827E+01  1.0704E+01
1.406574E+01  1.0629E+01
1.428104E+01  1.0355E+01
1.433845E+01  1.0284E+01
1.440688E+01  1.1821E+01
1.442456E+01  1.1798E+01
1.463986E+01  1.1530E+01
1.540095E+01  1.0657E+01
1.646362E+01  9.5849E+00
1.759961E+01  8.6190E+00
1.881398E+01  7.7427E+00
2.011215E+01  6.9510E+00
2.149988E+01  6.2427E+00
2.298338E+01  5.6095E+00
2.456923E+01  5.0398E+00
2.626450E+01  4.5271E+00
2.807676E+01  4.0394E+00
3.001405E+01  3.5892E+00
3.208502E+01  3.1891E+00
3.429889E+01  2.8358E+00
3.666551E+01  2.5237E+00
3.919543E+01  2.2477E+00
4.189992E+01  2.0036E+00
4.479101E+01  1.7874E+00
4.788159E+01  1.5957E+00
5.118542E+01  1.4256E+00
5.471721E+01  1.2719E+00
5.849270E+01  1.1355E+00
6.252870E+01  1.0126E+00
6.684318E+01  8.9999E-01
7.145536E+01  8.0018E-01
7.638578E+01  7.1163E-01
7.911040E+01  6.6924E-01
8.032127E+01  6.5138E-01
8.064417E+01  6.4651E-01
8.112852E+01  3.1459E+00
8.165640E+01  3.1142E+00
8.233940E+01  3.0740E+00
8.729069E+01  2.8038E+00
9.331374E+01  2.5207E+00
9.975239E+01  2.2620E+00
