    E              f1 
   keV           e atom-1
1.069000E-02  4.91074E+00
1.142761E-02  4.96917E+00
1.221612E-02  5.03413E+00
1.305903E-02  5.10636E+00
1.396010E-02  5.18659E+00
1.492335E-02  5.27545E+00
1.595306E-02  5.37345E+00
1.705382E-02  5.48100E+00
1.823053E-02  5.59831E+00
1.948844E-02  5.72538E+00
2.083314E-02  5.86196E+00
2.227063E-02  6.00743E+00
2.380730E-02  6.16072E+00
2.545001E-02  6.32013E+00
2.720606E-02  6.48301E+00
2.908327E-02  6.64508E+00
3.109002E-02  6.79915E+00
3.323523E-02  6.93175E+00
3.552846E-02  7.01362E+00
3.797993E-02  6.96365E+00
4.060054E-02  6.40477E+00
4.165000E-02  5.50583E+00
4.228750E-02  3.43782E+00
4.245750E-02  6.22173E-01
4.271250E-02  4.05524E+00
4.335000E-02  7.09375E+00
4.340198E-02  7.22680E+00
4.639671E-02  1.00687E+01
4.959809E-02  1.05444E+01
5.302035E-02  1.06760E+01
5.667876E-02  1.07528E+01
6.058959E-02  1.08150E+01
6.477028E-02  1.08599E+01
6.923942E-02  1.08662E+01
7.261800E-02  1.07857E+01
7.372950E-02  1.06519E+01
7.401695E-02  1.04986E+01
7.402590E-02  1.04869E+01
7.447050E-02  1.06552E+01
7.558200E-02  1.08074E+01
7.912411E-02  1.09676E+01
8.458368E-02  1.11006E+01
9.041995E-02  1.12096E+01
9.665893E-02  1.13121E+01
1.033284E-01  1.14160E+01
1.104581E-01  1.15266E+01
1.180797E-01  1.16482E+01
1.262272E-01  1.17840E+01
1.349368E-01  1.19285E+01
1.442475E-01  1.20966E+01
1.542005E-01  1.22801E+01
1.648404E-01  1.24764E+01
1.762144E-01  1.26825E+01
1.883732E-01  1.28920E+01
2.013709E-01  1.30964E+01
2.152655E-01  1.32879E+01
2.301188E-01  1.34608E+01
2.459970E-01  1.36061E+01
2.629708E-01  1.37191E+01
2.811158E-01  1.37945E+01
3.005128E-01  1.38264E+01
3.212482E-01  1.38083E+01
3.434143E-01  1.37312E+01
3.671099E-01  1.35829E+01
3.924405E-01  1.33444E+01
4.195189E-01  1.29845E+01
4.484657E-01  1.24471E+01
4.794098E-01  1.16190E+01
5.124891E-01  1.02203E+01
5.478508E-01  7.17813E+00
5.630100E-01  4.03264E+00
5.856525E-01  1.18309E+00
5.859900E-01  1.54437E+00
5.866185E-01  2.12272E+00
5.953740E-01  6.31539E+00
6.260625E-01  1.16720E+01
6.692609E-01  1.45819E+01
6.807080E-01  1.48744E+01
6.911270E-01  1.46210E+01
6.939054E-01  1.38694E+01
6.980730E-01  1.49312E+01
7.084920E-01  1.61104E+01
7.154399E-01  1.65908E+01
7.648052E-01  1.87137E+01
8.175768E-01  2.00955E+01
8.739896E-01  2.11147E+01
9.342948E-01  2.19000E+01
9.987612E-01  2.25466E+01
1.067676E+00  2.30148E+01
1.141345E+00  2.33470E+01
1.220098E+00  2.35870E+01
1.304285E+00  2.37474E+01
1.394281E+00  2.38492E+01
1.490486E+00  2.39066E+01
1.593329E+00  2.39301E+01
1.703269E+00  2.39280E+01
1.820795E+00  2.39099E+01
1.946430E+00  2.38752E+01
2.080733E+00  2.38307E+01
2.224304E+00  2.37813E+01
2.377781E+00  2.37276E+01
2.541848E+00  2.36639E+01
2.717235E+00  2.35939E+01
2.904724E+00  2.35212E+01
3.105150E+00  2.34551E+01
3.319406E+00  2.33672E+01
3.548445E+00  2.32625E+01
3.793288E+00  2.31453E+01
4.055024E+00  2.30137E+01
4.334821E+00  2.28622E+01
4.633924E+00  2.26790E+01
4.953664E+00  2.24400E+01
5.295467E+00  2.20858E+01
5.660855E+00  2.13981E+01
5.869416E+00  2.04015E+01
5.959254E+00  1.89371E+01
5.983211E+00  1.71703E+01
6.019146E+00  1.89719E+01
6.051453E+00  1.98252E+01
6.108984E+00  2.06031E+01
6.469004E+00  2.22661E+01
6.915365E+00  2.30221E+01
7.392525E+00  2.34637E+01
7.902609E+00  2.37651E+01
8.447890E+00  2.39746E+01
9.030794E+00  2.41269E+01
9.653919E+00  2.42270E+01
1.032004E+01  2.42944E+01
1.103212E+01  2.43392E+01
1.179334E+01  2.43684E+01
1.260708E+01  2.44243E+01
1.347697E+01  2.44264E+01
1.440688E+01  2.44195E+01
1.540095E+01  2.44067E+01
1.646362E+01  2.43901E+01
1.759961E+01  2.43712E+01
1.881398E+01  2.43509E+01
2.011215E+01  2.43301E+01
2.149988E+01  2.43093E+01
2.298338E+01  2.42889E+01
2.456923E+01  2.42694E+01
2.626450E+01  2.42512E+01
2.807676E+01  2.42333E+01
3.001405E+01  2.42153E+01
3.208502E+01  2.41978E+01
3.429889E+01  2.41810E+01
3.666551E+01  2.41653E+01
3.919543E+01  2.41506E+01
4.189992E+01  2.41369E+01
4.479101E+01  2.41242E+01
4.788159E+01  2.41125E+01
5.118542E+01  2.41018E+01
5.471721E+01  2.40920E+01
5.849270E+01  2.40831E+01
6.252870E+01  2.40750E+01
6.684318E+01  2.40676E+01
7.145536E+01  2.40609E+01
7.638578E+01  2.40549E+01
8.165640E+01  2.40495E+01
8.729069E+01  2.40444E+01
9.331374E+01  2.40399E+01
9.975239E+01  2.40357E+01
1.066353E+02  2.40320E+01
1.139931E+02  2.40286E+01
1.218587E+02  2.40256E+01
1.302669E+02  2.40229E+01
1.392553E+02  2.40204E+01
1.488640E+02  2.40182E+01
1.591356E+02  2.40162E+01
1.701159E+02  2.40145E+01
1.818539E+02  2.40129E+01
1.944018E+02  2.40115E+01
2.078156E+02  2.40102E+01
2.221548E+02  2.40091E+01
2.374835E+02  2.40081E+01
2.538699E+02  2.40072E+01
2.713869E+02  2.40064E+01
2.901126E+02  2.40057E+01
3.101304E+02  2.40050E+01
3.315294E+02  2.40045E+01
3.544049E+02  2.40040E+01
3.788588E+02  2.40035E+01
4.050001E+02  2.40031E+01
4.329451E+02  2.40028E+01
