   E              f1 
   keV           e atom-1
1.069000E-02  3.57659E+00
1.142761E-02  3.57599E+00
1.221612E-02  3.57095E+00
1.305903E-02  3.56836E+00
1.396010E-02  3.56968E+00
1.492335E-02  3.57685E+00
1.595306E-02  3.59151E+00
1.705382E-02  3.61476E+00
1.823053E-02  3.64791E+00
1.948844E-02  3.69236E+00
2.083314E-02  3.74958E+00
2.227063E-02  3.82103E+00
2.380730E-02  3.90818E+00
2.545001E-02  4.01245E+00
2.720606E-02  4.13521E+00
2.908327E-02  4.27778E+00
3.109002E-02  4.44144E+00
3.323523E-02  4.62739E+00
3.552846E-02  4.83686E+00
3.797993E-02  5.07105E+00
4.060054E-02  5.33124E+00
4.340198E-02  5.61884E+00
4.639671E-02  5.93534E+00
4.959809E-02  6.28228E+00
5.302035E-02  6.72188E+00
5.667876E-02  7.16643E+00
6.058959E-02  7.58919E+00
6.477028E-02  7.89984E+00
6.673800E-02  7.81083E+00
6.775950E-02  7.29248E+00
6.803190E-02  6.49266E+00
6.844050E-02  7.47679E+00
6.923942E-02  8.30426E+00
6.946200E-02  8.44458E+00
7.401695E-02  9.92898E+00
7.912411E-02  1.07677E+01
8.458368E-02  1.13913E+01
9.041995E-02  1.19094E+01
9.665893E-02  1.23487E+01
1.033284E-01  1.27032E+01
1.095640E-01  1.28584E+01
1.104581E-01  1.28304E+01
1.112410E-01  1.27438E+01
1.116882E-01  1.25364E+01
1.123590E-01  1.27940E+01
1.140360E-01  1.30669E+01
1.180797E-01  1.33934E+01
1.262272E-01  1.38459E+01
1.349368E-01  1.42329E+01
1.442475E-01  1.45869E+01
1.542005E-01  1.49196E+01
1.648404E-01  1.52378E+01
1.762144E-01  1.55459E+01
1.883732E-01  1.58466E+01
2.013709E-01  1.61413E+01
2.152655E-01  1.64384E+01
2.301188E-01  1.67200E+01
2.459970E-01  1.69927E+01
2.629708E-01  1.72537E+01
2.811158E-01  1.75008E+01
3.005128E-01  1.77292E+01
3.212482E-01  1.79330E+01
3.434143E-01  1.81062E+01
3.671099E-01  1.82471E+01
3.924405E-01  1.83508E+01
4.195189E-01  1.84135E+01
4.484657E-01  1.84310E+01
4.794098E-01  1.83977E+01
5.124891E-01  1.83055E+01
5.478508E-01  1.81427E+01
5.856525E-01  1.78905E+01
6.260625E-01  1.75178E+01
6.692609E-01  1.69681E+01
7.154399E-01  1.61269E+01
7.648052E-01  1.47079E+01
8.175768E-01  1.15821E+01
8.376060E-01  8.76961E+00
8.504265E-01  3.93819E+00
8.544620E-01  -5.44705E+00
8.589735E-01  3.45285E+00
8.675405E-01  5.48784E+00
8.710281E-01  3.82284E+00
8.717940E-01  6.87490E-01
8.739896E-01  5.80960E+00
8.762595E-01  7.36968E+00
8.893380E-01  1.12789E+01
9.342948E-01  1.62345E+01
9.879380E-01  1.84258E+01
9.987612E-01  1.84133E+01
1.003060E+00  1.82231E+01
1.007092E+00  1.74472E+01
1.013141E+00  1.85689E+01
1.028262E+00  1.98654E+01
1.067676E+00  2.15374E+01
1.141345E+00  2.33736E+01
1.220098E+00  2.46251E+01
1.304285E+00  2.55591E+01
1.394281E+00  2.62818E+01
1.490486E+00  2.68506E+01
1.593329E+00  2.72544E+01
1.703269E+00  2.75358E+01
1.820795E+00  2.77300E+01
1.946430E+00  2.78603E+01
2.080733E+00  2.79855E+01
2.224304E+00  2.80289E+01
2.377781E+00  2.80405E+01
2.541848E+00  2.80299E+01
2.717235E+00  2.80016E+01
2.904724E+00  2.79659E+01
3.105150E+00  2.79386E+01
3.319406E+00  2.78847E+01
3.548445E+00  2.78165E+01
3.793288E+00  2.77340E+01
4.055024E+00  2.76425E+01
4.334821E+00  2.75458E+01
4.633924E+00  2.74435E+01
4.953664E+00  2.73322E+01
5.295467E+00  2.72114E+01
5.660855E+00  2.70779E+01
6.051453E+00  2.69254E+01
6.469004E+00  2.67418E+01
6.915365E+00  2.65023E+01
7.392525E+00  2.61454E+01
7.902609E+00  2.54382E+01
8.166144E+00  2.45187E+01
8.291136E+00  2.30862E+01
8.324467E+00  2.13577E+01
8.374464E+00  2.31229E+01
8.447890E+00  2.42866E+01
8.499456E+00  2.47181E+01
9.030794E+00  2.63786E+01
9.653919E+00  2.71216E+01
1.032004E+01  2.75654E+01
1.103212E+01  2.78453E+01
1.179334E+01  2.80311E+01
1.260708E+01  2.81583E+01
1.347697E+01  2.82454E+01
1.440688E+01  2.83043E+01
1.540095E+01  2.83432E+01
1.646362E+01  2.83682E+01
1.759961E+01  2.84192E+01
1.881398E+01  2.84194E+01
2.011215E+01  2.84120E+01
2.149988E+01  2.83996E+01
2.298338E+01  2.83839E+01
2.456923E+01  2.83663E+01
2.626450E+01  2.83479E+01
2.807676E+01  2.83290E+01
3.001405E+01  2.83086E+01
3.208502E+01  2.82880E+01
3.429889E+01  2.82678E+01
3.666551E+01  2.82484E+01
3.919543E+01  2.82295E+01
4.189992E+01  2.82110E+01
4.479101E+01  2.81934E+01
4.788159E+01  2.81768E+01
5.118542E+01  2.81613E+01
5.471721E+01  2.81468E+01
5.849270E+01  2.81334E+01
6.252870E+01  2.81211E+01
6.684318E+01  2.81097E+01
7.145536E+01  2.80994E+01
7.638578E+01  2.80899E+01
8.165640E+01  2.80813E+01
8.729069E+01  2.80734E+01
9.331374E+01  2.80662E+01
9.975239E+01  2.80596E+01
1.066353E+02  2.80536E+01
1.139931E+02  2.80481E+01
1.218587E+02  2.80432E+01
1.302669E+02  2.80387E+01
1.392553E+02  2.80347E+01
1.488640E+02  2.80311E+01
1.591356E+02  2.80278E+01
1.701159E+02  2.80248E+01
1.818539E+02  2.80222E+01
1.944018E+02  2.80198E+01
2.078156E+02  2.80177E+01
2.221548E+02  2.80158E+01
2.374835E+02  2.80141E+01
2.538699E+02  2.80125E+01
2.713869E+02  2.80112E+01
2.901126E+02  2.80099E+01
3.101304E+02  2.80088E+01
3.315294E+02  2.80079E+01
3.544049E+02  2.80070E+01
3.788588E+02  2.80062E+01
4.050001E+02  2.80055E+01
4.329451E+02  2.80049E+01
