  E              f1 
   keV           e atom-1
6.156007E-03  1.1551E+00
6.247887E-03  1.1481E+00
7.291108E-03  1.1299E+00
7.402706E-03  1.1443E+00
7.432466E-03  1.1487E+00
7.477105E-03  2.1018E+00
7.588704E-03  2.1026E+00
1.069000E-02  3.6800E+00
1.142761E-02  4.4201E+00
1.221612E-02  5.3113E+00
1.305903E-02  6.3469E+00
1.396010E-02  7.5068E+00
1.492335E-02  8.7543E+00
1.595306E-02  1.0035E+01
1.705382E-02  1.1280E+01
1.823053E-02  1.2411E+01
1.948844E-02  1.3349E+01
2.083314E-02  1.4024E+01
2.227063E-02  1.4387E+01
2.380730E-02  1.4416E+01
2.545001E-02  1.4117E+01
2.720606E-02  1.3517E+01
2.908327E-02  1.2675E+01
3.109002E-02  1.1661E+01
3.323523E-02  1.0543E+01
3.552846E-02  9.3903E+00
3.797993E-02  8.2613E+00
4.060054E-02  7.1971E+00
4.340198E-02  6.2238E+00
4.639671E-02  5.3545E+00
4.959809E-02  4.5925E+00
5.066600E-02  4.3714E+00
5.144150E-02  4.2200E+00
5.164830E-02  4.1809E+00
5.195850E-02  8.3732E+00
5.273400E-02  8.0731E+00
5.302035E-02  7.9662E+00
5.667876E-02  6.7610E+00
6.058959E-02  5.7339E+00
6.399400E-02  5.0073E+00
6.477028E-02  4.8606E+00
6.497350E-02  4.8232E+00
6.523470E-02  4.7758E+00
6.562650E-02  6.6487E+00
6.660600E-02  6.4648E+00
6.923942E-02  6.0159E+00
6.967800E-02  5.9470E+00
7.074450E-02  5.7860E+00
7.102890E-02  5.7446E+00
7.145550E-02  6.3025E+00
7.252200E-02  6.1304E+00
7.281400E-02  6.0840E+00
7.392850E-02  5.9091E+00
7.401695E-02  5.8954E+00
7.422570E-02  5.8631E+00
7.467150E-02  6.2059E+00
7.578600E-02  6.0247E+00
7.912411E-02  5.5118E+00
8.458368E-02  4.8128E+00
9.041995E-02  4.2658E+00
9.665893E-02  3.8676E+00
9.966600E-02  3.7348E+00
1.011915E-01  3.6809E+00
1.015983E-01  3.6680E+00
1.022085E-01  3.7376E+00
1.033284E-01  3.7087E+00
1.037340E-01  3.6993E+00
1.104581E-01  3.6250E+00
1.180797E-01  3.7183E+00
1.262272E-01  4.0106E+00
1.349368E-01  4.5188E+00
1.442475E-01  5.2758E+00
1.542005E-01  6.3070E+00
1.648404E-01  7.6233E+00
1.762144E-01  9.2248E+00
1.883732E-01  1.1089E+01
2.013709E-01  1.3170E+01
2.152655E-01  1.5392E+01
2.301188E-01  1.7665E+01
2.459970E-01  1.9883E+01
2.629708E-01  2.1941E+01
2.811158E-01  2.3742E+01
3.005128E-01  2.5194E+01
3.070340E-01  2.5567E+01
3.117335E-01  2.5802E+01
3.129867E-01  2.5860E+01
3.148665E-01  2.6509E+01
3.195660E-01  2.6733E+01
3.212482E-01  2.6807E+01
3.241840E-01  2.6930E+01
3.291460E-01  2.7116E+01
3.304692E-01  2.7161E+01
3.324540E-01  2.7655E+01
3.374160E-01  2.7824E+01
3.434143E-01  2.8001E+01
3.671099E-01  2.8433E+01
3.924405E-01  2.8517E+01
4.195189E-01  2.8305E+01
4.484657E-01  2.7854E+01
4.794098E-01  2.7220E+01
5.0000000E-01  2.6748E+01
5.0250000E-01  2.6689E+01
5.0501250E-01  2.6629E+01
5.0753756E-01  2.6569E+01
5.1007525E-01  2.6508E+01
5.1262563E-01  2.6447E+01
5.1518875E-01  2.6385E+01
5.1776470E-01  2.6322E+01
5.1833567E-01  2.6308E+01
5.1966431E-01  2.7935E+01
5.2035352E-01  2.7919E+01
5.2295529E-01  2.7859E+01
5.2557007E-01  2.7797E+01
5.2819792E-01  2.7736E+01
5.3083891E-01  2.7674E+01
5.3349310E-01  2.7611E+01
5.3616057E-01  2.7548E+01
5.3884137E-01  2.7485E+01
5.4153558E-01  2.7421E+01
5.4424325E-01  2.7357E+01
5.4696447E-01  2.7292E+01
5.4969929E-01  2.7227E+01
5.5244779E-01  2.7162E+01
5.5521003E-01  2.7096E+01
5.5798608E-01  2.7030E+01
5.6077601E-01  2.6964E+01
5.6357989E-01  2.6897E+01
5.6639779E-01  2.6830E+01
5.6922978E-01  2.6763E+01
5.7207593E-01  2.6696E+01
5.7493630E-01  2.6628E+01
5.7781099E-01  2.6560E+01
5.8070004E-01  2.6492E+01
5.8360354E-01  2.6423E+01
5.8652156E-01  2.6354E+01
5.8945417E-01  2.6285E+01
5.9240144E-01  2.6216E+01
5.9536345E-01  2.6146E+01
5.9834026E-01  2.6076E+01
6.0133196E-01  2.6006E+01
6.0433862E-01  2.5936E+01
6.0736032E-01  2.5865E+01
6.0832884E-01  2.5843E+01
6.1007116E-01  2.6181E+01
6.1039712E-01  2.6173E+01
6.1344910E-01  2.6104E+01
6.1651635E-01  2.6035E+01
6.1959893E-01  2.5965E+01
6.2269693E-01  2.5896E+01
6.2581041E-01  2.5826E+01
6.2893946E-01  2.5756E+01
6.3208416E-01  2.5685E+01
6.3524458E-01  2.5615E+01
6.3842080E-01  2.5545E+01
6.4161291E-01  2.5474E+01
6.4482097E-01  2.5403E+01
6.4804508E-01  2.5333E+01
6.5128530E-01  2.5262E+01
6.5454173E-01  2.5190E+01
6.5781444E-01  2.5119E+01
6.6110351E-01  2.5048E+01
6.6440903E-01  2.4977E+01
6.6773107E-01  2.4905E+01
6.7106973E-01  2.4833E+01
6.7442508E-01  2.4762E+01
6.7779720E-01  2.4690E+01
6.8118619E-01  2.4618E+01
6.8459212E-01  2.4546E+01
6.8801508E-01  2.4474E+01
6.9145515E-01  2.4402E+01
6.9491243E-01  2.4330E+01
6.9838699E-01  2.4257E+01
7.0187893E-01  2.4185E+01
7.0538832E-01  2.4113E+01
7.0891526E-01  2.4040E+01
7.1245984E-01  2.3968E+01
7.1602214E-01  2.3895E+01
7.1960225E-01  2.3823E+01
7.2085202E-01  2.3797E+01
7.2320026E-01  2.4286E+01
7.2681626E-01  2.4214E+01
7.3045034E-01  2.4142E+01
7.3410260E-01  2.4070E+01
7.3777311E-01  2.3998E+01
7.4146197E-01  2.3926E+01
7.4516928E-01  2.3855E+01
7.4889513E-01  2.3783E+01
7.5263961E-01  2.3711E+01
7.5640280E-01  2.3639E+01
7.6018482E-01  2.3567E+01
7.6398574E-01  2.3495E+01
7.6780567E-01  2.3423E+01
7.7164470E-01  2.3351E+01
7.7550292E-01  2.3279E+01
7.7938044E-01  2.3207E+01
7.8327734E-01  2.3135E+01
7.8719373E-01  2.3063E+01
7.9112969E-01  2.2991E+01
7.9508534E-01  2.2919E+01
7.9906077E-01  2.2847E+01
8.0305607E-01  2.2775E+01
8.0707135E-01  2.2703E+01
8.1110671E-01  2.2631E+01
8.1516224E-01  2.2559E+01
8.1923806E-01  2.2487E+01
8.2333425E-01  2.2415E+01
8.2745092E-01  2.2343E+01
8.3158817E-01  2.2271E+01
8.3574611E-01  2.2199E+01
8.3992484E-01  2.2128E+01
8.4412447E-01  2.2056E+01
8.4834509E-01  2.1984E+01
8.5258682E-01  2.1912E+01
8.5684975E-01  2.1840E+01
8.6113400E-01  2.1769E+01
8.6543967E-01  2.1697E+01
8.6976687E-01  2.1625E+01
8.7411570E-01  2.1554E+01
8.7848628E-01  2.1482E+01
8.8287871E-01  2.1409E+01
8.8729310E-01  2.1337E+01
8.9172957E-01  2.1265E+01
8.9618822E-01  2.1192E+01
9.0066916E-01  2.1120E+01
9.0517250E-01  2.1048E+01
9.0969837E-01  2.0976E+01
9.1424686E-01  2.0904E+01
9.1881809E-01  2.0832E+01
9.2341218E-01  2.0760E+01
9.2802924E-01  2.0688E+01
9.3266939E-01  2.0616E+01
9.3733274E-01  2.0544E+01
9.4201940E-01  2.0472E+01
9.4672950E-01  2.0401E+01
9.5146315E-01  2.0329E+01
9.5622046E-01  2.0258E+01
9.6100156E-01  2.0186E+01
9.6580657E-01  2.0115E+01
9.7063560E-01  2.0044E+01
9.7548878E-01  1.9973E+01
9.8036623E-01  1.9901E+01
9.8526806E-01  1.9830E+01
9.9019440E-01  1.9760E+01
9.9514537E-01  1.9689E+01
1.0001211E+00  1.9617E+01
1.0051217E+00  1.9523E+01
1.0101473E+00  1.9429E+01
1.0151980E+00  1.9335E+01
1.0202740E+00  1.9242E+01
1.0253754E+00  1.9149E+01
1.0305023E+00  1.9056E+01
1.0356548E+00  1.8963E+01
1.0408331E+00  1.8871E+01
1.0460372E+00  1.8779E+01
1.0512674E+00  1.8687E+01
1.0565238E+00  1.8596E+01
1.0618064E+00  1.8505E+01
1.0671154E+00  1.8414E+01
1.0724510E+00  1.8324E+01
1.0778132E+00  1.8234E+01
1.0832023E+00  1.8145E+01
1.0886183E+00  1.8056E+01
1.0940614E+00  1.7968E+01
1.0995317E+00  1.7880E+01
1.1050294E+00  1.7792E+01
1.1105545E+00  1.7705E+01
1.1161073E+00  1.7619E+01
1.1216878E+00  1.7532E+01
1.1272963E+00  1.7447E+01
1.1329328E+00  1.7361E+01
1.1385974E+00  1.7276E+01
1.1442904E+00  1.7192E+01
1.1500119E+00  1.7108E+01
1.1557619E+00  1.7024E+01
1.1615407E+00  1.6941E+01
1.1673484E+00  1.6858E+01
1.1731852E+00  1.6776E+01
1.1790511E+00  1.6694E+01
1.1849464E+00  1.6613E+01
1.1908711E+00  1.6532E+01
1.1968254E+00  1.6451E+01
1.2028096E+00  1.6371E+01
1.2088236E+00  1.6292E+01
1.2148677E+00  1.6213E+01
1.2209421E+00  1.6134E+01
1.2270468E+00  1.6055E+01
1.2331820E+00  1.5976E+01
1.2393479E+00  1.5898E+01
1.2455447E+00  1.5821E+01
1.2517724E+00  1.5744E+01
1.2580312E+00  1.5660E+01
1.2643214E+00  1.5574E+01
1.2706430E+00  1.5489E+01
1.2769962E+00  1.5405E+01
1.2833812E+00  1.5321E+01
1.2897981E+00  1.5238E+01
1.2962471E+00  1.5155E+01
1.3027283E+00  1.5073E+01
1.3092420E+00  1.4992E+01
1.3157882E+00  1.4910E+01
1.3223671E+00  1.4830E+01
1.3289790E+00  1.4745E+01
1.3356239E+00  1.4659E+01
1.3423020E+00  1.4567E+01
1.3490135E+00  1.4476E+01
1.3557586E+00  1.4386E+01
1.3625374E+00  1.4296E+01
1.3693500E+00  1.4208E+01
1.3761968E+00  1.4120E+01
1.3830778E+00  1.4032E+01
1.3899932E+00  1.3946E+01
1.3969431E+00  1.3858E+01
1.4039278E+00  1.3768E+01
1.4109475E+00  1.3679E+01
1.4180022E+00  1.3590E+01
1.4250922E+00  1.3502E+01
1.4322177E+00  1.3415E+01
1.4393788E+00  1.3328E+01
1.4465757E+00  1.3243E+01
1.4538086E+00  1.3158E+01
1.4610776E+00  1.3074E+01
1.4683830E+00  1.2990E+01
1.4757249E+00  1.2908E+01
1.4831035E+00  1.2826E+01
1.4905190E+00  1.2744E+01
1.4979716E+00  1.2664E+01
1.5054615E+00  1.2584E+01
1.5129888E+00  1.2505E+01
1.5205537E+00  1.2426E+01
1.5281565E+00  1.2348E+01
1.5357973E+00  1.2271E+01
1.5434763E+00  1.2194E+01
1.5511937E+00  1.2119E+01
1.5589496E+00  1.2043E+01
1.5667444E+00  1.1969E+01
1.5745781E+00  1.1895E+01
1.5824510E+00  1.1821E+01
1.5903633E+00  1.1749E+01
1.5983151E+00  1.1677E+01
1.6063066E+00  1.1605E+01
1.6143382E+00  1.1534E+01
1.6224099E+00  1.1464E+01
1.6305219E+00  1.1394E+01
1.6386745E+00  1.1325E+01
1.6468679E+00  1.1256E+01
1.6551022E+00  1.1188E+01
1.6633777E+00  1.1121E+01
1.6716946E+00  1.1054E+01
1.6800531E+00  1.0988E+01
1.6884534E+00  1.0922E+01
1.6968956E+00  1.0857E+01
1.7053801E+00  1.0792E+01
1.7139070E+00  1.0728E+01
1.7224766E+00  1.0665E+01
1.7310889E+00  1.0602E+01
1.7397444E+00  1.0539E+01
1.7484431E+00  1.0477E+01
1.7571853E+00  1.0415E+01
1.7659712E+00  1.0354E+01
1.7748011E+00  1.0294E+01
1.7836751E+00  1.0234E+01
1.7925935E+00  1.0174E+01
1.8015565E+00  1.0115E+01
1.8105642E+00  1.0057E+01
1.8196171E+00  9.9984E+00
1.8287151E+00  9.9408E+00
1.8378587E+00  9.8836E+00
1.8470480E+00  9.8269E+00
1.8562833E+00  9.7706E+00
1.8655647E+00  9.7148E+00
1.8748925E+00  9.6594E+00
1.8842670E+00  9.6045E+00
1.8936883E+00  9.5500E+00
1.9031567E+00  9.4960E+00
1.9126725E+00  9.4424E+00
1.9222359E+00  9.3891E+00
1.9318471E+00  9.3363E+00
1.9415063E+00  9.2839E+00
1.9512138E+00  9.2319E+00
1.9609699E+00  9.1803E+00
1.9707747E+00  9.1291E+00
1.9806286E+00  9.0783E+00
1.9905318E+00  9.0279E+00
2.0004844E+00  8.9779E+00
2.0104868E+00  8.9283E+00
2.0205393E+00  8.8791E+00
2.0306420E+00  8.8303E+00
2.0407952E+00  8.7819E+00
2.0509992E+00  8.7338E+00
2.0612542E+00  8.6861E+00
2.0715604E+00  8.6388E+00
2.0819182E+00  8.5908E+00
2.0923278E+00  8.5423E+00
2.1027895E+00  8.4942E+00
2.1133034E+00  8.4464E+00
2.1210653E+00  8.4116E+00
2.1221346E+00  2.5721E+01
2.1238699E+00  2.5691E+01
2.1344893E+00  2.5509E+01
2.1451617E+00  2.5328E+01
2.1558875E+00  2.5148E+01
2.1666670E+00  2.4970E+01
2.1775003E+00  2.4793E+01
2.1883878E+00  2.4618E+01
2.1993297E+00  2.4444E+01
2.2011954E+00  2.4415E+01
2.2026046E+00  3.5850E+01
2.2103264E+00  3.5668E+01
2.2213780E+00  3.5410E+01
2.2324849E+00  3.5154E+01
2.2436473E+00  3.4900E+01
2.2548656E+00  3.4648E+01
2.2661399E+00  3.4398E+01
2.2774706E+00  3.4149E+01
2.2888579E+00  3.3903E+01
2.3003022E+00  3.3659E+01
2.3118037E+00  3.3416E+01
2.3233628E+00  3.3176E+01
2.3349796E+00  3.2937E+01
2.3466545E+00  3.2700E+01
2.3583878E+00  3.2465E+01
2.3701797E+00  3.2231E+01
2.3820306E+00  3.2000E+01
2.3939407E+00  3.1770E+01
2.4059104E+00  3.1542E+01
2.4179400E+00  3.1316E+01
2.4300297E+00  3.1091E+01
2.4421798E+00  3.0868E+01
2.4543907E+00  3.0646E+01
2.4666627E+00  3.0425E+01
2.4789960E+00  3.0206E+01
2.4913910E+00  2.9989E+01
2.5038479E+00  2.9774E+01
2.5163672E+00  2.9560E+01
2.5289490E+00  2.9348E+01
2.5415938E+00  2.9137E+01
2.5543017E+00  2.8928E+01
2.5670732E+00  2.8721E+01
2.5799086E+00  2.8515E+01
2.5928082E+00  2.8311E+01
2.6057722E+00  2.8108E+01
2.6188011E+00  2.7907E+01
2.6318951E+00  2.7708E+01
2.6429266E+00  2.7541E+01
2.6450545E+00  2.7510E+01
2.6478735E+00  3.2133E+01
2.6582798E+00  3.1952E+01
2.6715712E+00  3.1724E+01
2.6849291E+00  3.1497E+01
2.6983537E+00  3.1272E+01
2.7118455E+00  3.1049E+01
2.7254047E+00  3.0827E+01
2.7390317E+00  3.0607E+01
2.7527269E+00  3.0389E+01
2.7664905E+00  3.0167E+01
2.7803230E+00  2.9949E+01
2.7942246E+00  2.9741E+01
2.8081957E+00  2.9537E+01
2.8222367E+00  2.9334E+01
2.8363479E+00  2.9134E+01
2.8505296E+00  2.8936E+01
2.8647823E+00  2.8740E+01
2.8791062E+00  2.8541E+01
2.8935017E+00  2.8344E+01
2.9079692E+00  2.8148E+01
2.9225091E+00  2.7954E+01
2.9371216E+00  2.7761E+01
2.9518072E+00  2.7571E+01
2.9665662E+00  2.7381E+01
2.9813991E+00  2.7193E+01
2.9963061E+00  2.7007E+01
3.0112876E+00  2.6803E+01
3.0221418E+00  2.6653E+01
3.0263440E+00  2.6595E+01
3.0308581E+00  2.8305E+01
3.0414758E+00  2.8149E+01
3.0566831E+00  2.7929E+01
3.0719666E+00  2.7711E+01
3.0873264E+00  2.7494E+01
3.1027630E+00  2.7279E+01
3.1182768E+00  2.7065E+01
3.1338682E+00  2.6853E+01
3.1495376E+00  2.6642E+01
3.1652853E+00  2.6433E+01
3.1811117E+00  2.6228E+01
3.1970172E+00  2.6029E+01
3.2130023E+00  2.5831E+01
3.2290673E+00  2.5636E+01
3.2452127E+00  2.5442E+01
3.2614387E+00  2.5250E+01
3.2777459E+00  2.5060E+01
3.2891773E+00  2.4928E+01
3.2941347E+00  2.4871E+01
3.3028227E+00  2.5873E+01
3.3106053E+00  2.5784E+01
3.3271584E+00  2.5597E+01
3.3437941E+00  2.5411E+01
3.3605131E+00  2.5227E+01
3.3773157E+00  2.5045E+01
3.3942023E+00  2.4865E+01
3.4111733E+00  2.4686E+01
3.4282291E+00  2.4509E+01
3.4453703E+00  2.4332E+01
3.4625971E+00  2.4155E+01
3.4799101E+00  2.3981E+01
3.4973097E+00  2.3807E+01
3.5147962E+00  2.3636E+01
3.5323702E+00  2.3466E+01
3.5500321E+00  2.3297E+01
3.5677822E+00  2.3130E+01
3.5856211E+00  2.2965E+01
3.6035492E+00  2.2801E+01
3.6215670E+00  2.2638E+01
3.6396748E+00  2.2477E+01
3.6578732E+00  2.2318E+01
3.6761626E+00  2.2159E+01
3.6945434E+00  2.2002E+01
3.7130161E+00  2.1847E+01
3.7315812E+00  2.1693E+01
3.7502391E+00  2.1540E+01
3.7689903E+00  2.1388E+01
3.7878352E+00  2.1238E+01
3.8067744E+00  2.1089E+01
3.8258083E+00  2.0941E+01
3.8449373E+00  2.0795E+01
3.8641620E+00  2.0649E+01
3.8834828E+00  2.0505E+01
3.9029002E+00  2.0362E+01
3.9224147E+00  2.0221E+01
3.9420268E+00  2.0079E+01
3.9617369E+00  1.9936E+01
3.9815456E+00  1.9795E+01
4.0014533E+00  1.9655E+01
4.0214606E+00  1.9516E+01
4.0415679E+00  1.9378E+01
4.0617757E+00  1.9241E+01
4.0820846E+00  1.9105E+01
4.1024950E+00  1.8970E+01
4.1230075E+00  1.8836E+01
4.1436226E+00  1.8704E+01
4.1643407E+00  1.8572E+01
4.1851624E+00  1.8441E+01
4.2060882E+00  1.8312E+01
4.2271186E+00  1.8183E+01
4.2482542E+00  1.8053E+01
4.2694955E+00  1.7919E+01
4.2908430E+00  1.7785E+01
4.3122972E+00  1.7651E+01
4.3338587E+00  1.7519E+01
4.3555280E+00  1.7388E+01
4.3773056E+00  1.7258E+01
4.3991921E+00  1.7129E+01
4.4211881E+00  1.6997E+01
4.4432940E+00  1.6866E+01
4.4655105E+00  1.6735E+01
4.4878381E+00  1.6606E+01
4.5102772E+00  1.6477E+01
4.5328286E+00  1.6350E+01
4.5554928E+00  1.6224E+01
4.5782702E+00  1.6099E+01
4.6011616E+00  1.5975E+01
4.6241674E+00  1.5853E+01
4.6472882E+00  1.5731E+01
4.6705247E+00  1.5610E+01
4.6938773E+00  1.5491E+01
4.7173467E+00  1.5373E+01
4.7409334E+00  1.5255E+01
4.7646381E+00  1.5139E+01
4.7884613E+00  1.5023E+01
4.8124036E+00  1.4909E+01
4.8364656E+00  1.4796E+01
4.8606479E+00  1.4684E+01
4.8849512E+00  1.4572E+01
4.9093759E+00  1.4462E+01
4.9339228E+00  1.4353E+01
4.9585924E+00  1.4244E+01
4.9833854E+00  1.4137E+01
5.0083023E+00  1.4030E+01
5.0333438E+00  1.3925E+01
5.0585105E+00  1.3820E+01
5.0838031E+00  1.3716E+01
5.1092221E+00  1.3614E+01
5.1347682E+00  1.3512E+01
5.1604421E+00  1.3411E+01
5.1862443E+00  1.3311E+01
5.2121755E+00  1.3211E+01
5.2382364E+00  1.3113E+01
5.2644276E+00  1.3016E+01
5.2907497E+00  1.2919E+01
5.3172034E+00  1.2819E+01
5.3437895E+00  1.2720E+01
5.3705084E+00  1.2622E+01
5.3973609E+00  1.2525E+01
5.4243477E+00  1.2429E+01
5.4514695E+00  1.2334E+01
5.4787268E+00  1.2239E+01
5.5061205E+00  1.2145E+01
5.5336511E+00  1.2053E+01
5.5613193E+00  1.1960E+01
5.5891259E+00  1.1869E+01
5.6170716E+00  1.1779E+01
5.6451569E+00  1.1689E+01
5.6733827E+00  1.1600E+01
5.7017496E+00  1.1512E+01
5.7302584E+00  1.1425E+01
5.7589096E+00  1.1339E+01
5.7877042E+00  1.1253E+01
5.8166427E+00  1.1168E+01
5.8457259E+00  1.1084E+01
5.8749546E+00  1.1000E+01
5.9043293E+00  1.0917E+01
5.9338510E+00  1.0834E+01
5.9635202E+00  1.0752E+01
5.9933378E+00  1.0670E+01
6.0233045E+00  1.0590E+01
6.0534210E+00  1.0510E+01
6.0836882E+00  1.0429E+01
6.1141066E+00  1.0349E+01
6.1446771E+00  1.0270E+01
6.1754005E+00  1.0191E+01
6.2062775E+00  1.0113E+01
6.2373089E+00  1.0036E+01
6.2684954E+00  9.9587E+00
6.2998379E+00  9.8823E+00
6.3313371E+00  9.8066E+00
6.3629938E+00  9.7316E+00
6.3948088E+00  9.6573E+00
6.4267828E+00  9.5836E+00
6.4589167E+00  9.5105E+00
6.4912113E+00  9.4381E+00
6.5236674E+00  9.3664E+00
6.5562857E+00  9.2952E+00
6.5890671E+00  9.2247E+00
6.6220125E+00  9.1543E+00
6.6551225E+00  9.0845E+00
6.6883981E+00  9.0153E+00
6.7218401E+00  8.9467E+00
6.7554493E+00  8.8786E+00
6.7892266E+00  8.8112E+00
6.8231727E+00  8.7444E+00
6.8572886E+00  8.6782E+00
6.8915750E+00  8.6125E+00
6.9260329E+00  8.5474E+00
6.9606631E+00  8.4829E+00
6.9954664E+00  8.4189E+00
7.0304437E+00  8.3555E+00
7.0655959E+00  8.2926E+00
7.1009239E+00  8.2303E+00
7.1364285E+00  8.1686E+00
7.1721107E+00  8.1073E+00
7.2079712E+00  8.0466E+00
7.2440111E+00  7.9864E+00
7.2802311E+00  7.9268E+00
7.3166323E+00  7.8676E+00
7.3532155E+00  7.8090E+00
7.3899815E+00  7.7509E+00
7.4269314E+00  7.6933E+00
7.4640661E+00  7.6361E+00
7.5013864E+00  7.5795E+00
7.5388934E+00  7.5233E+00
7.5765878E+00  7.4677E+00
7.6144708E+00  7.4125E+00
7.6525431E+00  7.3577E+00
7.6908058E+00  7.3035E+00
7.7292599E+00  7.2497E+00
7.7679062E+00  7.1964E+00
7.8067457E+00  7.1435E+00
7.8457794E+00  7.0911E+00
7.8850083E+00  7.0391E+00
7.9244334E+00  6.9875E+00
7.9640555E+00  6.9364E+00
8.0038758E+00  6.8858E+00
8.0438952E+00  6.8355E+00
8.0841147E+00  6.7857E+00
8.1245352E+00  6.7363E+00
8.1651579E+00  6.6873E+00
8.2059837E+00  6.6388E+00
8.2470136E+00  6.5906E+00
8.2882487E+00  6.5429E+00
8.3296899E+00  6.4955E+00
8.3713384E+00  6.4486E+00
8.4131951E+00  6.4021E+00
8.4552610E+00  6.3559E+00
8.4975373E+00  6.3101E+00
8.5400250E+00  6.2647E+00
9.030794E+00  5.7619E+00
9.653919E+00  5.1487E+00
1.032004E+01  4.5951E+00
1.103212E+01  4.1092E+00
1.133243E+01  3.9307E+00
1.150588E+01  3.8327E+00
1.155214E+01  3.8063E+00
1.162152E+01  1.0039E+01
1.179334E+01  9.7860E+00
1.179497E+01  9.7837E+00
1.260708E+01  8.7112E+00
1.300715E+01  8.2482E+00
1.320624E+01  8.0311E+00
1.325933E+01  7.9745E+00
1.333896E+01  1.1061E+01
1.347697E+01  1.0866E+01
1.353805E+01  1.0781E+01
1.360230E+01  1.0693E+01
1.381050E+01  1.0415E+01
1.386602E+01  1.0343E+01
1.394930E+01  1.1865E+01
1.415750E+01  1.1594E+01
1.440688E+01  1.1283E+01
1.540095E+01  1.0156E+01
1.646362E+01  9.1308E+00
1.759961E+01  8.2076E+00
1.881398E+01  7.3678E+00
2.011215E+01  6.6140E+00
2.149988E+01  5.9398E+00
2.298338E+01  5.3372E+00
2.456923E+01  4.7908E+00
2.626450E+01  4.3029E+00
2.807676E+01  3.8346E+00
3.001405E+01  3.4044E+00
3.208502E+01  3.0249E+00
3.429889E+01  2.6899E+00
3.666551E+01  2.3940E+00
3.919543E+01  2.1323E+00
4.189992E+01  1.9008E+00
4.479101E+01  1.6959E+00
4.788159E+01  1.5140E+00
5.118542E+01  1.3516E+00
5.471721E+01  1.2057E+00
5.849270E+01  1.0758E+00
6.252870E+01  9.5706E-01
6.684318E+01  8.5033E-01
7.145536E+01  7.5579E-01
7.638578E+01  6.7191E-01
7.682690E+01  6.6514E-01
7.800282E+01  6.4764E-01
7.831640E+01  6.4310E-01
7.878677E+01  3.1616E+00
7.996269E+01  3.0867E+00
8.165640E+01  2.9959E+00
8.729069E+01  2.7112E+00
9.331374E+01  2.4374E+00
9.975239E+01  2.1733E+00
1.066353E+02  1.9395E+00
1.139931E+02  1.7348E+00
1.218587E+02  1.5519E+00
1.302669E+02  1.3884E+00
1.392553E+02  1.2424E+00
1.488640E+02  1.1118E+00
1.591356E+02  9.9455E-01
1.701159E+02  8.8804E-01
1.818539E+02  7.9302E-01
1.944018E+02  7.0825E-01
2.078156E+02  6.3260E-01
2.221548E+02  5.6508E-01
2.374835E+02  5.0482E-01
2.538699E+02  4.5103E-01
2.713869E+02  4.0300E-01
2.901126E+02  3.6012E-01
3.101304E+02  3.2183E-01
3.315294E+02  2.8763E-01
3.544049E+02  2.5855E-01
3.788588E+02  2.3320E-01
4.050001E+02  2.1035E-01
4.329451E+02  1.8975E-01
